1403636580.963556 0.052860 0.052858 0.005951 0.001039 0.000067 0.000034 
1403636581.063555 0.055999 0.055999 0.006156 0.001425 0.000072 0.000057 
1403636581.213556 0.058972 0.058972 0.006266 0.001651 0.000090 0.000069 
1403636581.363556 0.067715 0.067714 0.006948 0.002586 0.000149 0.000102 
1403636581.513556 0.075983 0.075981 0.007706 0.003652 0.000168 0.000125 
1403636581.663556 0.088232 0.088230 0.008977 0.004012 0.000192 0.000164 
1403636581.813555 0.094300 0.094298 0.009604 0.004018 0.000227 0.000178 
1403636581.963556 0.100000 0.099998 0.010174 0.004040 0.000259 0.000179 
1403636582.163556 0.112606 0.112604 0.011419 0.004277 0.000300 0.000183 
1403636582.363556 0.148154 0.148152 0.015309 0.005775 0.000351 0.000252 
1403636582.563555 0.173298 0.173296 0.018158 0.006117 0.000371 0.000293 
1403636582.713556 0.208863 0.208861 0.021942 0.006474 0.000529 0.000358 
1403636582.913555 0.234664 0.234663 0.024538 0.006605 0.000558 0.000434 
1403636583.063555 0.315642 0.315640 0.032149 0.008784 0.000713 0.000546 
1403636583.213556 0.500793 0.500788 0.050895 0.012530 0.000849 0.000613 
1403636583.363556 0.501898 0.501893 0.051017 0.012633 0.000874 0.000641 
1403636583.563555 0.638269 0.638260 0.066610 0.018105 0.001151 0.000770 
1403636583.713556 0.914543 0.914534 0.097948 0.020357 0.001438 0.000848 
1403636583.913555 0.916007 0.915999 0.098056 0.020543 0.001453 0.000859 
1403636584.063555 1.102241 1.102231 0.114760 0.028227 0.002068 0.000869 
1403636584.213556 1.102743 1.102733 0.114807 0.028373 0.002064 0.000869 
1403636584.413555 1.103957 1.103948 0.114921 0.028675 0.002069 0.000870 
1403636584.613555 1.133766 1.133755 0.117485 0.030897 0.002174 0.000892 
1403636584.813555 1.136507 1.136496 0.117747 0.030865 0.002191 0.000926 
1403636585.013556 1.205632 1.205619 0.124600 0.031413 0.002403 0.001175 
1403636585.213556 1.363382 1.363369 0.140899 0.031822 0.002836 0.001713 
1403636585.413555 1.365663 1.365649 0.141141 0.031797 0.002893 0.001784 
1403636585.613555 1.537122 1.537108 0.160552 0.034999 0.003698 0.002926 
1403636585.763556 1.856486 1.856472 0.195078 0.037571 0.004377 0.003671 
1403636585.913555 1.856784 1.856770 0.195093 0.037631 0.004373 0.003672 
1403636586.113555 1.970292 1.970274 0.204855 0.045374 0.004466 0.003692 
1403636586.313555 2.013749 2.013727 0.208365 0.050930 0.005138 0.004305 
1403636586.563555 2.063157 2.063126 0.212373 0.057983 0.006118 0.004420 
1403636586.763556 2.066137 2.066102 0.212655 0.058079 0.007232 0.004449 
1403636586.963556 2.133232 2.133192 0.218982 0.059995 0.007931 0.004624 
1403636587.163556 2.134690 2.134648 0.219124 0.060022 0.008348 0.004626 
1403636587.363556 2.224625 2.224581 0.228914 0.060966 0.008884 0.004920 
1403636587.613555 2.227389 2.227341 0.229180 0.061050 0.009656 0.004920 
1403636587.763556 2.307935 2.307887 0.237610 0.061367 0.010431 0.005583 
1403636588.013556 2.309119 2.309069 0.237678 0.061053 0.010731 0.005587 
1403636588.263556 2.349236 2.349179 0.241334 0.063038 0.012159 0.005820 
1403636588.413555 2.496291 2.496225 0.254997 0.068849 0.013100 0.005969 
1403636588.563555 2.496513 2.496446 0.255010 0.068702 0.013155 0.005974 
1403636588.813555 2.699659 2.699508 0.274846 0.071860 0.021216 0.006085 
1403636589.063555 2.704052 2.703896 0.275286 0.071949 0.021786 0.006184 
1403636589.313555 2.804470 2.804222 0.285294 0.073376 0.029997 0.006614 
1403636589.513556 2.806664 2.806414 0.285515 0.073395 0.030159 0.006619 
1403636589.763556 2.808855 2.808603 0.285734 0.073419 0.030314 0.006621 
1403636589.913555 2.827402 2.827134 0.287589 0.073750 0.031504 0.006628 
1403636590.063555 2.827597 2.827330 0.287609 0.073757 0.031519 0.006630 
1403636590.313555 2.933163 2.932815 0.298193 0.075173 0.037180 0.006968 
1403636590.563555 2.937207 2.936856 0.298598 0.075334 0.037340 0.007096 
1403636590.813555 2.994390 2.994001 0.304356 0.076384 0.039808 0.008123 
1403636591.013556 2.996444 2.996054 0.304560 0.076303 0.039881 0.008140 
1403636591.313555 3.000093 2.999701 0.304926 0.076356 0.040023 0.008149 
1403636591.513556 3.039886 3.039468 0.308920 0.077032 0.041473 0.008552 
1403636591.813555 3.043482 3.043062 0.309280 0.077104 0.041584 0.008555 
1403636592.013556 3.210575 3.210070 0.326099 0.079559 0.046140 0.009287 
1403636592.213556 3.211544 3.211039 0.326197 0.079568 0.046157 0.009330 
1403636592.413555 3.280003 3.279474 0.333111 0.080318 0.047653 0.009463 
1403636592.663556 3.281878 3.281348 0.333297 0.080311 0.047647 0.009594 
1403636592.913555 3.285493 3.284963 0.333661 0.080354 0.047666 0.009660 
1403636593.163556 3.289104 3.288573 0.334025 0.080422 0.047751 0.009732 
1403636593.413555 3.292709 3.292178 0.334388 0.080508 0.047810 0.010247 
1403636593.663556 3.296309 3.295778 0.334753 0.080811 0.047873 0.011088 
1403636593.913555 3.299905 3.299373 0.335113 0.081083 0.047939 0.011636 
1403636594.113555 3.343409 3.342862 0.339505 0.081657 0.048848 0.011807 
1403636594.313555 3.344339 3.343792 0.339599 0.081701 0.048896 0.011847 
1403636594.563555 3.374187 3.373637 0.342596 0.082124 0.049201 0.012468 
1403636594.813555 3.377702 3.377151 0.342952 0.082423 0.049223 0.013016 
1403636595.063555 3.490728 3.490176 0.354328 0.084052 0.050216 0.016265 
1403636595.313555 3.494126 3.493574 0.354674 0.084126 0.050266 0.016272 
1403636595.563555 3.617133 3.616574 0.367105 0.086997 0.051264 0.018856 
1403636595.813555 3.681389 3.680819 0.373581 0.089018 0.052070 0.019818 
1403636596.063555 3.879154 3.878598 0.393613 0.093340 0.055422 0.024192 
