1403636580.963556 -1.630430 9.406823 2.255988 0.096915 9.249543 3.266903 
1403636581.063555 0.318399 9.520792 2.342916 0.104135 9.251571 3.260937 
1403636581.213556 1.465069 8.909363 3.835744 0.097887 9.263388 3.227409 
1403636581.363556 0.354053 9.405604 2.765026 0.112300 9.266658 3.217538 
1403636581.513556 -0.146287 9.409856 2.769352 0.111110 9.270276 3.207140 
1403636581.663556 -0.031658 9.397207 2.815600 0.115923 9.267295 3.215575 
1403636581.813555 0.308927 9.395791 2.803532 0.124738 9.266793 3.216691 
1403636581.963556 0.560263 9.472034 2.490537 0.115045 9.265457 3.220896 
1403636582.163556 0.629183 9.500216 2.363500 0.118844 9.264127 3.224585 
1403636582.363556 0.232071 9.531043 2.311161 0.106167 9.265084 3.222274 
1403636582.563555 0.208875 9.538841 2.281006 0.106141 9.265951 3.219782 
1403636582.713556 0.244917 9.475430 2.528312 0.103042 9.265361 3.221580 
1403636582.913555 0.487829 9.467772 2.521787 0.103368 9.262585 3.229542 
1403636583.063555 0.515420 9.403284 2.747490 0.109207 9.260427 3.235531 
1403636583.213556 0.328646 9.533894 2.287571 0.111399 9.261404 3.232660 
1403636583.363556 0.200759 9.559878 2.191922 0.112835 9.261000 3.233768 
1403636583.563555 -0.036173 9.548641 2.249057 0.120185 9.264475 3.223532 
1403636583.713556 -0.037387 9.512607 2.396880 0.125901 9.265499 3.220369 
1403636583.913555 -0.067464 9.512948 2.394864 0.125858 9.265407 3.220638 
1403636584.063555 0.096783 9.455071 2.613113 0.119868 9.263315 3.226876 
1403636584.213556 0.154562 9.449286 2.631198 0.119352 9.263301 3.226936 
1403636584.413555 0.070047 9.455423 2.612693 0.119294 9.263770 3.225590 
1403636584.613555 0.083018 9.453670 2.618652 0.116848 9.264044 3.224896 
1403636584.813555 0.069726 9.446836 2.643587 0.117026 9.264316 3.224106 
1403636585.013556 0.204456 9.450994 2.621643 0.116651 9.263841 3.225485 
1403636585.213556 0.280247 9.456790 2.593587 0.118132 9.263346 3.226852 
1403636585.413555 0.251855 9.461719 2.578479 0.118548 9.262934 3.228019 
1403636585.613555 0.103352 9.424462 2.721200 0.120609 9.263366 3.226703 
1403636585.763556 0.093224 9.420316 2.735885 0.121431 9.263273 3.226939 
1403636585.913555 0.087307 9.404495 2.789974 0.120959 9.263270 3.226966 
1403636586.113555 0.068141 9.410336 2.770749 0.118840 9.263018 3.227770 
1403636586.313555 0.290687 9.391807 2.818789 0.117556 9.263078 3.227642 
1403636586.563555 0.310539 9.344122 2.971036 0.116456 9.263175 3.227403 
1403636586.763556 0.308318 9.319151 3.048683 0.116364 9.263087 3.227659 
1403636586.963556 0.382245 9.310930 3.065384 0.116222 9.263429 3.226684 
1403636587.163556 0.385896 9.302714 3.089772 0.116206 9.263427 3.226688 
1403636587.363556 0.374334 9.293881 3.117650 0.115975 9.263309 3.227035 
1403636587.613555 0.376814 9.285592 3.141958 0.115997 9.263244 3.227223 
1403636587.763556 0.295251 9.279081 3.169793 0.114261 9.263227 3.227333 
1403636588.013556 0.341564 9.271667 3.186789 0.112768 9.262785 3.228655 
1403636588.263556 0.321640 9.265174 3.207680 0.112614 9.262803 3.228608 
1403636588.413555 0.265058 9.266691 3.208471 0.112705 9.263272 3.227258 
1403636588.563555 0.282833 9.266523 3.207438 0.113169 9.263141 3.227619 
1403636588.813555 0.261182 9.267362 3.206852 0.113109 9.263092 3.227762 
1403636589.063555 0.251143 9.266003 3.211579 0.112746 9.263082 3.227803 
1403636589.313555 0.203021 9.255054 3.246363 0.112386 9.262749 3.228773 
1403636589.513556 0.204811 9.254725 3.247186 0.112458 9.262723 3.228844 
1403636589.763556 0.205527 9.254578 3.247560 0.112514 9.262743 3.228782 
1403636589.913555 0.202793 9.254375 3.248310 0.112401 9.262547 3.229350 
1403636590.063555 0.219737 9.254329 3.247340 0.112997 9.262375 3.229822 
1403636590.313555 0.239764 9.250946 3.255552 0.110152 9.261791 3.231595 
1403636590.563555 0.247530 9.250924 3.255033 0.110026 9.261822 3.231512 
1403636590.813555 0.276009 9.248875 3.258565 0.108824 9.261303 3.233038 
1403636591.013556 0.268703 9.248803 3.259379 0.108399 9.261253 3.233192 
1403636591.313555 0.269346 9.248656 3.259740 0.108345 9.261235 3.233248 
1403636591.513556 0.265358 9.248047 3.261798 0.107191 9.260774 3.234608 
1403636591.813555 0.264938 9.247860 3.262361 0.107244 9.260736 3.234714 
1403636592.013556 0.281073 9.246536 3.264762 0.103002 9.259658 3.237936 
1403636592.213556 0.280930 9.246528 3.264799 0.102798 9.259652 3.237960 
1403636592.413555 0.274330 9.246106 3.266552 0.102384 9.259407 3.238673 
1403636592.663556 0.284679 9.245683 3.266867 0.103704 9.259468 3.238456 
1403636592.913555 0.280584 9.244958 3.269273 0.103128 9.259490 3.238415 
1403636593.163556 0.283038 9.244699 3.269790 0.103658 9.259429 3.238571 
1403636593.413555 0.254022 9.243076 3.276754 0.103566 9.259325 3.238872 
1403636593.663556 0.272807 9.243663 3.273587 0.103493 9.259339 3.238832 
1403636593.913555 0.297498 9.244429 3.269273 0.103567 9.259337 3.238833 
1403636594.113555 0.295645 9.244819 3.268338 0.103536 9.259266 3.239042 
1403636594.313555 0.287692 9.245122 3.268189 0.103561 9.259255 3.239070 
1403636594.563555 0.263953 9.243615 3.274450 0.102935 9.259191 3.239275 
1403636594.813555 0.276254 9.244077 3.272130 0.102910 9.259151 3.239387 
1403636595.063555 0.246136 9.241321 3.282303 0.101639 9.258771 3.240516 
1403636595.313555 0.245577 9.241133 3.282876 0.101936 9.258615 3.240949 
1403636595.563555 0.222055 9.239476 3.289205 0.100760 9.258254 3.242020 
1403636595.813555 0.245926 9.240239 3.285361 0.100673 9.258389 3.241635 
1403636596.063555 0.229644 9.236860 3.296028 0.101598 9.257791 3.243316 
