1403636580.963556 4.173162 4.293262 
1403636581.063555 4.251720 4.316124 
1403636581.213556 4.904403 4.769046 
1403636581.363556 4.746132 4.802232 
1403636581.513556 4.762348 4.833378 
1403636581.663556 4.780725 4.846098 
1403636581.813555 4.788975 4.845946 
1403636581.963556 4.743460 4.838005 
1403636582.163556 4.736050 4.839834 
1403636582.363556 4.705584 4.815510 
1403636582.563555 4.701547 4.821979 
1403636582.713556 4.753903 4.843700 
1403636582.913555 4.770886 4.856618 
1403636583.063555 4.796381 4.838802 
1403636583.213556 4.768816 4.882895 
1403636583.363556 4.754237 4.884728 
1403636583.563555 4.763004 4.921733 
1403636583.713556 4.788181 4.930061 
1403636583.913555 4.786114 4.927930 
1403636584.063555 4.838852 4.915917 
1403636584.213556 4.838077 4.912334 
1403636584.413555 4.817129 4.894829 
1403636584.613555 4.822746 4.903579 
1403636584.813555 4.834734 4.912729 
1403636585.013556 4.866072 4.947161 
1403636585.213556 4.902899 4.988058 
1403636585.413555 4.905556 4.993171 
1403636585.613555 4.934433 5.008606 
1403636585.763556 4.931517 5.005908 
1403636585.913555 4.937778 5.004356 
1403636586.113555 4.925228 4.990958 
1403636586.313555 4.928126 4.984694 
1403636586.563555 4.945915 4.982218 
1403636586.763556 4.957632 4.982118 
1403636586.963556 4.979818 5.002105 
1403636587.163556 4.983736 5.001975 
1403636587.363556 4.991319 5.004330 
1403636587.613555 4.995145 5.004159 
1403636587.763556 5.002320 5.008100 
1403636588.013556 5.036059 5.038022 
1403636588.263556 5.034925 5.034556 
1403636588.413555 5.028296 5.029479 
1403636588.563555 5.040033 5.041249 
1403636588.813555 5.040297 5.040857 
1403636589.063555 5.040193 5.039804 
1403636589.313555 5.047689 5.037421 
1403636589.513556 5.047900 5.037364 
1403636589.763556 5.048026 5.037322 
1403636589.913555 5.048045 5.037131 
1403636590.063555 5.048244 5.037139 
1403636590.313555 5.057785 5.042768 
1403636590.563555 5.058253 5.042996 
1403636590.813555 5.056956 5.039778 
1403636591.013556 5.065488 5.048319 
1403636591.313555 5.065495 5.048138 
1403636591.513556 5.071220 5.053107 
1403636591.813555 5.071126 5.052778 
1403636592.013556 5.067100 5.045657 
1403636592.213556 5.067112 5.045623 
1403636592.413555 5.067456 5.045067 
1403636592.663556 5.075866 5.052621 
1403636592.913555 5.080619 5.056643 
1403636593.163556 5.085617 5.061475 
1403636593.413555 5.091681 5.066235 
1403636593.663556 5.091771 5.066274 
1403636593.913555 5.092590 5.067316 
1403636594.113555 5.091282 5.066048 
1403636594.313555 5.089453 5.064629 
1403636594.563555 5.090579 5.063680 
1403636594.813555 5.090641 5.064050 
1403636595.063555 5.090475 5.059545 
1403636595.313555 5.092416 5.061716 
1403636595.563555 5.087153 5.055661 
1403636595.813555 5.089664 5.056893 
1403636596.063555 5.100645 5.066493 
